11531
3799
3278
3052
3018
3018
2820
2931
2860
3008
5469
2822
2951
2849
3136
2841
2869
3051
2850
3051
2833
2892
2816
2841
5309
2873
2845
2984
3071
3243
8349
3993
4662
4292
4158
4092
3311
3482
7772
3750
53327
4343
16666
4440
3880
4080
4059
5065
4425
3976
4047
4065
7294
4444
4439
4544
4250
4443
3818
3751
4192
3778
4194
8616
4899
3806
7324
4222
12430
5264
3788
4323
3483
8553
6080
9715
4033
4696
3899
5355
4108
7035
3828
3298
4234
3260
3310
3566
4047
3223
3253
4619
3406
3358
3434
5480
3771
3693
3613
3444
3586
4424
3468
3308
3979
4936
3996
3833
4524
8740
4973
5123
5261
4006
4042
3863
5002
3893
4239
4211
4988
3943
4027
8551
4141
5061
4583
5097
4290
4521
4604
9087
3974
6897
4337
4176
5142
7894
6381
4321
3667
3583
3489
5583
4610
4615
4521
3913
8378
4447
3886
6882
3326
3354
3530
3468
3442
3313
3482
3218
3449
4426
7193
3625
3904
5710
4013
4576
3385
4118
3369
3406
3149
4027
3820
5566
5125
5168
4995
7504
4310
4090
6483
4200
4250
4582
4347
4487
3937
4949
4610
4279
4675
11095
4507
4103
4407
4412
6626
3964
5349
4414
4146
4904
4453
5200
3980
7283
4464
4323
4344
4046
3890
4351
3975
4459
3902
4908
4161
4788
3760
7339
3919
3861
8301
4396
4522
3916
4102
4254
5310
4199
3883
4388
4095
8907
4055
5172
4477
3847
6130
3898
4736
4457
3924
3968
4074
4384
4625
7402
4846
4248
4401
5036
4392
9068
3986
4383
4513
3991
3998
4206
4438
7320
5704
13261
56560
57742
4368
3929
6325
3832
4671
4623
5055
5088
4900
8681
5083
4721
3994
4201
5334
4524
4530
3961
7952
4232
4207
4225
5960
7338
4027
4607
4337
4368
4113
46023
85891
75842
4641
4588
4681
4895
4340
7645
4139
4432
3957
4309
3979
4102
4240
4368
3971
4131
3994
7703
4899
8061
4527
4338
4223
3959
4084
4108
4420
5023
4811
5708
12338
75530
99160
8267
4067
4758
4778
5274
4230
4691
4162
3608
3549
3375
3293
3547
3506
6767
7674
3237
3396
3371
3673
3017
4934
3483
3273
3200
4160
3611
3338
5633
3375
3292
3277
3019
11515
81490
3750
3241
5527
3316
3197
3010
3971
5908
3238
3297
3273
5293
3559
3271
3849
2993
4305
3466
3424
3352
3561
6071
3518
4719
3053
3276
3220
3514
3401
3215
3733
3274
3162
4204
3517
6254
3342
95040
21377
3288
3425
3442
5709
4377
3159
3202
3263
5151
3101
5395
3073
3510
3018
3161
3804
3445
3561
3247
2981
3791
2988
3188
3186
6074
3278
2990
3061
2983
3348
3624
3489
3215
3025
5407
3593
2982
4934
7707
4518
3268
3469
3760
3480
2990
3400
3444
3520
3579
3826
3439
3182
6187
2987
4150
3549
2971
3135
3495
3456
3350
4139
4179
4113
4815
7777
6101
3814
3293
3010
3833
3070
3038
3608
2966
3498
3189
2996
3757
3231
6278
3588
3985
3414
3075
3630
3020
2884
3366
3349
4273
3544
2972
3508
5925
3018
8575
4788
4062
8193
4468
3964
5226
4243
4042
6821
4393
4761
9408
5308
4392
5085
4108
4696
24524
4598
5892
4358
4784
3999
3799
16506
7932
6361
5047
4792
4958
8048
4033
5949
4870
4782
4044
4798
4173
5270
7165
5130
4012
4174
4071
3996
4254
4111
5735
4188
4973
4458
4272
4199
7435
4283
4693
5765
4450
4863
4172
4491
8022
4416
4756
4460
4653
4243
8067
4666
3962
5985
4121
4785
4718
4697
4564
4174
4007
4264
5468
4218
8154
4256
4248
4529
4901
4249
4698
3964
3999
4465
4190
8537
4615
4026
7606
4439
4223
4612
4065
4151
6300
3751
3787
4793
4066
4230
3847
6219
7393
5094
4357
4471
4273
4651
4487
5456
4390
4462
4817
4311
4542
4276
10900
4333
4836
4435
4365
4707
4088
5007
4568
4270
4870
4350
6308
3817
8064
4675
4631
4419
4086
6755
3708
4286
4733
3895
5002
4194
3839
4133
8716
4324
4303
8108
3992
4551
4303
3950
4451
4593
4068
3918
4063
5862
7347
4260
3992
4325
4409
5126
4490
4178
5433
4240
5110
4252
4660
5013
7826
4020
4193
4109
4140
6288
7732
4932
4998
4828
4380
4711
4690
3732
8119
5533
4576
5307
4356
4451
3738
3426
3254
3517
3315
3732
3402
3165
6122
3431
3625
3629
4673
3411
3917
3270
4063
7358
3549
4435
3412
4073
9120
3318
3817
3475
3534
4550
3843
3707
3456
3422
3435
3450
3115
3579
5406
4148
3601
3614
4723
3546
2891
5072
3318
4031
3707
3489
5440
3473
5723
3409
3752
3350
3624
3422
3431
3592
3316
4314
3274
3944
3276
4424
5772
4382
3585
3458
3373
3025
4116
3680
3280
3383
3250
3940
3240
3333
6678
6230
3025
3276
3275
3537
3450
3635
3436
2998
2993
3135
3889
3297
11625
3662
3521
134015
3221
3805
3788
4691
3770
3478
3808
3221
3473
3343
5886
3623
4223
3403
6729
3398
3655
5042
4124
4824
4355
3576
6128
13232
6267
3738
3165
4489
3617
3311
3258
3272
4157
3434
3516
4057
3178
3226
5360
3737
4250
3406
3237
3487
3505
6351
3514
6890
3503
4383
5792
3233
6337
5159
159813
3643
3107
3188
3787
3531
3519
3230
3495
3494
3529
3369
5446
3367
2924
3758
3493
3548
3132
3310
3402
3304
5807
3125
3206
3431
6465
3407
3091
3221
3326
3240
3748
3633
3105
3942
4839
3357
3662
10793
31088
3238
3994
3417
3740
3434
3365
3644
3506
3143
3335
3208
5016
7407
6254
3236
3059
3689
3281
3364
3748
3751
3407
4445
3271
3238
140519
5216
7635
3812
4317
4758
4635
4567
4416
3153
3312
3842
3308
3350
3633
3587
6812
3249
6093
3139
3364
3326
4303
5150
3638
3469
156608
3292
3009
3549
6145
3628
3076
3162
3716
3333
3236
3457
3222
4552
3322
3385
4075
3429
6080
3311
3117
3524
3536
7229
3453
3481
3318
3263
3363
3510
3849
3195
6252
3736
3703
3335
3577
3569
4001
3153
3590
4237
3355
3186
3153
3443
6418
3646
3421
3328
3870
3291
4102
3859
7684

=======
5733912
