876008
518963
417652
460069
405006
419725
550980
480243
463417
487364
627071
436413
522659
509601
532127
454583
434114
451149
462407
425536
497504
515635
438251
447496
433935
473752
473661
478990
498186
479085
418598
383151
295294
305943
199572
308282
217813
300452
316945
202695
284276
302664
302860
195843
301220
200015
310122
198722
280208
219847
332866
309542
183516
319042
314802
157745
337283
292602
167543
209745
279570
305789
162530
402447
508918
328212
294557
326360
202807
275723
225487
334125
199799
274968
313117
194936
287179
192534
304589
516878
362020
297885
207312
277469
300913
273215
277544
307117
205694
164720
275978
325900
322048
319702
290033
309715
195433
304015
216404
285398
