895284
542421
309525
342449
303325
280001
322996
194497
294897
284077
287675
262591
320647
337143
329095
198113
293294
308586
316898
200137
279496
205911
302831
299676
457465
369806
316752
286640
428803
512082
429334
523777
324748
502824
263757
367266
311675
493186
510708
320460
535214
507295
318065
316318
311546
226925
523671
503292
373057
298124
161620
168296
202632
303207
197896
314383
212491
294038
206589
291304
324335
326178
203844
278137
201139
270644
472867
515792
351570
295319
195432
281979
472351
513178
303075
213415
557531
266568
496628
367394
301275
197995
282548
161296
394463
507991
385124
295169
198996
295844
198452
292193
201783
288864
313834
204203
287789
311928
193907
283122
224547
303410
211991
340052
217488
274888
303176
201298
288443
310273
204904
287713
194899
285133
190326
301520
481363
758331
370548
304089
203918
286183
187278
289856
190091
310390
354470
356680
400557
531724
493288
376990
359673
478030
347169
354617
347369
361152
298515
226594
349342
351099
364784
372363
349935
344942
357177
412409
340281
348571
321199
352915
334674
326145
408313
482997
393506
370187
347338
352750
595540
351522
345243
355033
483571
384260
515683
731123
372090
365332
362676
392781
331168
316225
397096
293281
192712
305477
194966
282847
326242
330776
202213
285558
307806
338741
309242
206929
317627
158560
411984
264939
376225
526674
365420
310391
318219
346332
291504
197573
286847
287848
314515
317131
269595
310506
298789
202619
306110
313438
220031
320148
312653
205506
294730
266033
363257
308499
211008
280204
533409
536856
317448
339628
337218
300201
217871
307858
519342
275363
309824
193039
391361
222345
336266
323202
323122
321113
282148
503733
518790
286687
195694
283406
219846
281686
323482
285602
325918
329403
221064
282978
193788
285085
189650
282531
188407
181659
284504
191919
283471
195120
328914
330541
304750
201438
274953
205548
271825
204136
263993
267371
511109
304880
205309
276025
306815
198510
305457
309060
206761
295955
193438
318608
317769
311142
217299
699170
369237
317673
208383
303650
202501
299828
199919
308738
308070
201543
198155
295535
202997
312034
200750
308587
200389
328110
332764
321102
319264
302913
163566
186144
333406
317419
336511
390840
335020
337469
334502
343500
328574
332232
328363
329364
331433
323207
328383
340051
332636
227620
321344
328589
321166
321818
319896
321245
321503
321270
318507
327216
215100
299193
362507
333769
320184
304362
196971
290081
308181
192108
309011
310189
195593
307407
196017
302746
316548
311900
194800
311831
192870
306831
190832
309263
192391
308057
313009
416473
195910
311661
197784
307610
327874
204995
279976
318182
192288
292464
190179
286529
189161
292657
194496
288684
189726
313256
218127
266800
289896
184222
298154
184835
285644
184259
178318
310934
310744
195110
281102
310772
189537
301458
209468
301116
199280
304158
362349
304191
200114
283376
304356
197674
305512
313458
198968
307026
199193
296202
315264
310325
199857
305487
196552
311194
308887
317002
210171
331709
197883
277316
200014
317825
308388
299371
195398
292783
207409
285353
198240
300418
194938
294734
408260
300703
198217
306757
287499
307456
200676
289305
202786
292701
199369
293487
224566
274291
203221
309252
211118
289569
314872
304050
208250
275241
304840
197462
290317
195594
291611
199162
290446
197383
298586
195557
290002
194418
300234
191137
295252
197132
272304
195658
294701
197572
287154
196504
289160
196558
400640
196938
294853
198383
307510
304386
191801
292201
203197
295582
196718
293527
196700
293882
196908
287491
200970
294556
190423
303595
192317
297624
191406
296644
196996
297147
190896
300353
195498
294850
196615
287874
199007
279851
186470
297495
188439
290375
186978
291944
186789
286985
208253
303099
304933
336231
209999
279279
301677
189136
301105
192975
274275
303821
197486
287127
195187
288723
201626
296530
196897
184552
300422
198493
293183
196862
287402
194566
305731
303531
195017
293145
224441
289640
191628
293868
194540
297827
199107
299675
190610
296412
192340
295734
301564
197002
295413
194204
289696
197020
288700
191371
306260
196150
295224
195770
293768
196682
294442
306999
198246
340947
191700
305402
190382
298995
195206
299289
197015
297177
198494
288248
195264
288312
196651
308428
205202
294204
310403
201499
280345
307057
195449
299372
220373
409594
201801
337748
310882
197436
183307
288840
194922
288487
194559
197333
267812
300243
195771
184035
289282
199387
284847
194599
285382
202588
291397
197526
282075
195503
183849
292510
195974
182694
306014
194987
299391
313334
196116
263166
292643
193306
287044
186175
274402
301919
187739
292621
186156
302244
192758
287265
192632
293120
191585
287910
197574
488490
496934
299258
188167
179820
281468
190849
287572
187188
163649
351277
271123
352831
307082
296872
189764
288402
189349
283774
197946
314672
188721
189138
474373
514015
511904
301640
203607
270532
306369
312886
340745
194219
297604
197065
287507
708404
369898
256294
334762
292714
206155
270934
333396
311262
291986
311966
207537
286983
202156
267157
295081
214771
260590
315759
301787
189676
289026
189962
275225
454222
527128
301061
216327
312268
193345
295176
319749
313464
189686
288792
191059
288646
201958
267836
299470
204675
721344
372389
295272
209394
267419
299849
300692
221661
283604
432708
515097
319666
309635
203456
315801
189770
278288
304257
206645
273833
295519
189834
287686
202399
271204
297091
201914
272110
298095
203814
314338
197385
282193
191154
287224
189841
178821
284228
190590
289090
199038
284199
189974
272904
299062
191358
271545
334980
325207
304563
188646
288856
195398
291963
189389
288581
201452
261149
299473
205294
302520
298468
201118
299311
308907
189828
285040
196888
285643
188930
179239
285338
191520
284854
202195
360315
312261
192503
284119
317374
191903
179425
294339
193339
334939
209018
287471
317353
318694
416925
321887
489663
331400
322789
210252
324474
314798
316906
317294
317195
209310
423677
212341
325086
338250
329465
319199
314520
315347
211767
321247
207136
288754
316419
424333
316396
315069
217146
294198
316101
208674
322052
314175
317861
314911
207806
289478
315026
322277
317993
331447
336096
329897
327860
310211
310639
205346
286346
309699
203305
284374
314860
200511
301933
213933
313572
315057
342501
735731
333500
329246
328963
341510
330618
314289
321752
307090
328605
331897
323113
275454
363014
332197
333147
385971
347992
445498
469265
302927
322536
213821
306988
209591
303922
319291
323534
522200
330222
373578
314646
337508
324781
324684
209959
297175
189607
495705
515821
325067
212502
312654
362514
407394
333850
215636
300260
323841
325678
589889
503485
316899
367815
353166
337398
324377
295553
171563
372816
502450
323162
297801
188553
181645
181789
310456
286534
192793
192191
609570
506788
507042
323156
522359
304469
300634
301239
228429
475174
515121
303326
188031
180467
286747
188581
281434
199603
286525
190031
273741
301951
190825
169343
264040
305299
265994
366772
301577
296320
190825
182961
298653
192240
269410
297354
475084
511928
307039
188836

===========
290798377
