21357061
20351938
19913531
19868261
20287326
20235553
20415965
20395754
20318556
20328676
20346671
20451863
20556846
19970942
19724048
20361531
20375978
20297140
20341872
20394795
20179474
20290437
19841075
20193673
20372780
20371411
20274331
20501558
20305209
20420346
20049324
19850320
20428762
20273330
20395625
20297078
20449399
20312483
20620893
20535007
20250267
19856891
19695447
20264933
20447747
20417068
20269837
20336689
20576183
20175553
19895344
20333817
20446068
20424246
20417192
20290687
20478002
20293286
20717942
20405847
19772330
20401359
20274760
20395038
20358622
20372439
20310132
20035650
19803096
20342304
20487395
20403204
20482198
20530335
20511859
20405900
20366928
20367515
20364961
20445701
20277946
20521085
20118348
19810111
20454116
20428772
20295672
20419451
20280581
20181280
19763867
20471174
20292988
20446000
20283921
20368569
20366312
20614285
20007461
19941485
20381609
20442822
20424336
20438661
20328748
20449651
20430006
20319896
20498978
20332945
19776318
20206892
20437227
20271097
20385793
20374948
20349758
20303095
20527268
20239967
19726279
20365884
20267257
20369380
20366387
20377608
20061951
19806300
20267608
20342332
20391834
20410467
20288691
20395091
20025756
19760997
20289763
20273129
20388433
20341653
20449820
20366580
19711971
20402116
20429578
20305535
20390019
20391126
20343015
20530147
20211392
19830514
20391705
20384258
20365051
20386690
20355793
20443361
20750815
20159364
19764658
20357773
20331601
20242815
20257879
20264424
20253122
20448750
20122053
19849314
20251364
20307457
20366325
20361237
20319620
19896108
19895795
20295790
20388201
20406393
20284308
20338264
20332756
20331169
20678954
20488619
19765106
20400372
20406125
20426681
20364063
20429568
20296515
20386457
20706284
20289151
20522826
19789037
20324423
20327893
20377646
20340229
20342485
20357918
20610397
20258190
19770704
20349065
20269730
20326998
20411716
20537238
20387670
20511469
20204809
19732831
20420622
20430855
20442402
20314690
20449719
20348096
20562249
20107978
19888312
20467896
20289003
20397537
20397855
20374283
20448899
20573293
20256318
19908632
20355512
20351139
20332607
20329201
20291737
20389748
20312487
20315636
19935690
19727111
20403391
20305804
20323681
20258928
20404516
20259599
19730062
20428523
20288883
20305856
20319253
20358326
20606365
20384855
19848323
20359533
20350189
20348934
20382382
20292772
20260192
20397721
20474244
20412440
20183086
19821467
20355809
20335158
20285061
20299884
20263635
20451725
20519244
20287237
19747704
20271166
20373940
20366812
20336325
20372064
20400841
20356463
19762391
20228499
20240232
20234064
20215359
20365043
20485260
20220510
19700270
20389150
20241927
20407011
20360163
20308596
19997637
19716949
20294877
20291068
20243685
20276310
20377909
20606963
19779713
19745647
20266743
20437495
20426663
20410037
20455240
20513598
20339223
20331314
20394420
20382721
20264207
20404859
20338436
20240868
19760986
20225657
20294325
20298219
20299607
20304545
20277197
20487749
20188336
19746956
20301689
20281087
20359864
20432562
20359913
19719313
20351891
20432848
20419214
20406790
20108589
20285084
20466001
20380538
20565334
20494192
20561552
20322894
19828753
20232824
20349823
20401358
20337976
20518868
20521796
20410085
19757833
20325361
20303608
20367871
20277282
20330503
20184870
20340051
19822604
20402138
20321500
20409673
20358810
20237316
20276859
19808702
20349982
20344558
20343204
20388767
20328901
20489810
20350672
19813251
20338319
20349544
20413486
20324944
20538056
20278957
20065012
19721764
20335678
20234195
20211115
20251726
20355267
20544415
19844142
19672747
20316924
20383078
20712052
20768265
20516673
20641476
20667049
20425961
20283622
20308014
20403594
20447894
20138170
19757632
20227489
20341017
20371779
20378104
20634371
20020405
19775254
20421865
20255616
20250445
20334993
20426634
20443393
20602573
20259357
20361474
19801629
20222290
20401951
20315684
20373265
20503730
20338389
20001503
19894616
20326809
20260737
20273387
20311754
20388100
20582163
20072821
19820681
20403012
20280873
20344491
20370050
20318846
20262113
19803571
20322479
20403098
20398993
20279736
20705505
20669314
20226455
19713833
20368914
20263059
20281827
20335209
20258628
20310007
20654241
20450161
19792698
20364808
20430805
20289236
20337023
20274427
20366735
20606716
20393388
19808040
20251306
20246969
20332658
20388077
20428391
20334940
20359531
20095456
19823978
20438599
20333605
20219651
20359279
20387880
20629926
20343530
19797289
19757407
20241346
20361464
20355205
20312754
20480084
20412514
20394582
20380790
20461367
20340173
20351654
20167810
19741009
20393145
20292143
20319847
20364418
20229721
20379779
20324770
20351998
20524836
20277118
19825483
20299036
20378905
20365408
20277567
20510804
20737680
20003561
19803641
20369221
20342793
20274712
20397139
20431319
20426448
20546496
20264172
19957504
19761704
20274418
20434225
20374639
20629375
20543250
20469947
20319297
20379392
20258359
20346697
20440727
20563548
20534989
20401502
20404458
20413288
20200578
19704990
20293529
20232282
20325205
20337772
20291126
20216536
20558585
20314295
19861029
20322077
20299443
20294050
20382234
20281543
20619191
20304569
20412754
20256262
20416030
20401016
20348854
19819347
20366418
20431414
20290082
20358997
20274602
20384408
20465537
20103822
19810482
20348983
20291027
20381069
20192649
20374956
20456990
20092154
19746216
20395261
20353848
20370789
20421167
20327621
20437710
20497333
20536654
19917876
20264896
20392982
20247586
20341641
20393594
20624773
20224525
19763485
20382901
20379756
20388956
20285675
20320236
20058653
19753945
20346934
20307093
20333037
20291184
20332160
20631984
20023909
19808787
20301071
20293236
20440554
20252889
20277103
20265294
20475123
20090366
19830993
20262126
20357948
20269005
20376049
20427985
20293263
20070934
19755109
20361361
20384739
20368800
20353115
20353748
20310677
20447177
20663131
20148311
20227135
19880159
20383542
20386989
20388184
20352545
20260148
20308950
20525065
19870942
19795595
20373980
20294949
20337568
20375768
20255466
20399145
20278819
19917065
19795998
20313040
20705584
20352372
20259756
19648831
20375260
20237259
20280258
20270128
20265450
20320656
20355593
19998314
19724991
20300652
20428192
20256750
20382702
20292535
20386097
20314861
20533529
20243995
19745379
20400427
20295872
20297901
20292747
20319494
20329734
20332731
20233757
20568912
20205378
19756597
20400208
20298127
20267855
20260851
20253541
19866508
19720616
20248445
20293184
20242584
20595692
20355946
20353045
20498632
20219162
20366539
20302566
20012865
19756504
20332875
20313171
20320152
20361518
20225053
20360068
20503391
19964132
19757146
20282273
20381247
20362635
20400805
20444046
20282752
19973930
19711672
20340882
20347392
20324779
20258284
20440782
20613902
19883505
19676219
20322023
20414581
20326412
20270945
20448098
20324349
19751694
20408913
20383654
20283807
20291285
20364264
20503725
20471755
19715159
20408137
20413392
20312906
20313103
20357317
20278343
20390878
20378649
20517188
20525124
20500843
20495468
20387289
20388501
20410474
20290330
20304922
20383543
20363331
20354730
20540238
20018191
19716566
20281869
20347464
20283270
20288111
20401635
20553291
19973045
19811536
20304791
20289818
20264380
20252740
20262999
20084133
19755760
20390493
20371312
20214927
20240709
20411939
20389718
20466963
20492893
20474806
20493444
20464133
20417810
20355966
20417337
20450833
20489129
20488752
20500959
20529811
20516539
20337345
20334154
20237214
20392148
20716833
20330528
19724317
20371260
20347603
20444551
20285319
20217889
20289457
20615299
20001205
19726536
20293290
20307578
20262684
20313657
20388151
20228982
20313598
19881791
20266932
20310432
20357705
20217066
20300667
20733903
19814200
19682129
20264317
20399658
20379175
20396720
20300603
20087013
19832146
20373247
20282182
20270431
20259700
20282113
20406569
20366989
20495093
20387940
20489608
20309696
19842074
20305199
20386219
20275842
20389922
20372059
20714511
19992160
19817927
20267667
20364792
20235926
20407803
20030842
19686389
20370807
20431601
20313633
20274203
20397548
20411756
20594987
20404652
20005155
19872275
20220424
20233153
20403261
20211602
20256539
20371105
20372230
19922496
19766584
20283157
20370835
20363884
20391453
20391914
20460943
20429292
20403872
20355059
20382236
20472794
20385787
20398439
20398205
20337400
20380659
20440251
20246555
20228040
20323380
20554990
20387747
19957236
19848916
20305525
20296506
20391743
20287489
20410076
20809307
20703563
20743336
20694470
20663160
20814376
20725673
20576501
20733779
19752893
20253807
20282502
20279115
20162581
19867684
20232713
20288617
20340728
20248151
20238768
20374810
20514692
20436741
19989339
19684624
20334158
20410408
20397946
20347843
20230240
20412334
20457576
19736979
20292256
20309703
20347162
20287291
20485704
20473560
19787839
20381130
20255819
20477330
20370475
20303763
20290173
20303449
20303429
20395008
20036184
19867137
20377792
20309141
20272781
20368928
20264135
20393151
19725945
20228933
20323342

=============
20289044722
