22447898
20324860
19884105
19716057
20288947
20278926
20354987
20460268
20392959
20293094
20342349
20312054
20394459
20254883
20416695
20459862
20536248
20521327
20814939
20730301
20302746
20444622
19991865
19722596
20222806
20421384
20311026
20335860
20384725
20419351
19899086
19854480
20347993
20393369
20353221
20297526
20468397
20356181
20365608
20509732
20457490
20458373
20249204
19825896
20280469
20312782
20257163
20276991
20377156
20479502
20499355
20002491
19835192
20330960
20362379
20384644
20545656
20452712
20496895
20244092
20429431
19835775
20363240
20366353
20315466
20290318
20304225
20404217
20260866
20274869
20353318
20370788
20418985
20536635
20164656
19796454
20488353
20314996
20413649
20356007
20330976
20431673
20525164
20346183
20678483
20036409
19810198
20245668
20381371
20343352
20355331
20235514
20302908
20439916
20401702
20175339
19732493
20296683
20320685
20452621

==========
2032658464
