77370
16897
9456
10188
14071
9252
8439
7796
10673
575032
481861
89213
151183
218673
254399
112486
15874
139764
18809
15421
191685
28350
11968
17324
272606
25207
10708
9316
8251
7621
9209
13051
130032
12411
10022
173362
318510
12356
10496
10248
8649
9838
239178
10769
7660
9677
320439
154981
16787
9023
7497
12478
22824
12010
7530
8382
279445
13973
16641
141120
13291
724243
38211
10881
8346
8282
17267
11906
12455
18958
295226
355786
10515
9084
64626
9813
107298
13362
15467
117088
19357
38540
10571
22267
170665
12482
10020
229611
9675
9857
17848
7852
127471
10333
11093
22082
170554
10044
27590
12071

======
7640579
