13446
4267
3909
3504
3054
4838
2783
3376
3065
3047
5294
2828
4103
3480
3135
3004
3314
3125
3146
3184
2988
3219
3166
3176
5797
3280
3323
3368
2908
3126
3726
3948
4104
4362
4193
3973
4168
3150
5844
3240
3209
3022
3025
3374
3239
2964
3304
3058
3273
3301
3399
3360
5519
3713
3435
3000
2946
3206
3126
2949
3103
3103
3686
4062
4381
3748
7417
4779
4381
4091
3999
4486
4941
2877
3745
3359
2876
3127
3409
2834
5640
2882
3389
2783
3621
3034
3523
3439
3142
3250
2972
3806
3473
2845
5498
2820
3003
2959
2815
3031

======
367712
