23674739
22396700
22356715
22332148
22350431
22614844
22495232
22715922
22655407
22619318
22696998
22446785
22509545
22531234
22629233
22509717
22430508
22460488
22562881
22573509
22487587
22496605
22487402
22369397
22528767
22456336
22826237
22523637
22453869
22426799
22418308
22527821
25223846
22690598
22435457
22476672
22413067
22310977
22335675
22436784
22368208
22324048
22280838
22387831
22350391
22192943
22192274
22296377
22548379
25656160
22321492
22720497
22465358
23214193
22416499
22461511
22507126
22497392
22640183
22529229
22682495
22669460
22596893
22682756
22715508
22620944
22352956
22736217
22804576
22819097
22726777
22759174
22690177
22525783
22612168
22613355
22575002
22548288
22722668
22807010
22448075
22429198
22826320
22709522
22714406
22767501
22509237
22704426
22550471
22595614
22500864
22691807
22415944
22709064
22603435
22578189
22538018
22381909
22334017
22473994

2261002439
