784427
627203
624526
525052
1017256
1025225
1028352
1014591
1024170
1032268
1015740
1024466
1027596
1012162
1026834
1030957
1013922
1023489
1038750
1017954
1026102
1034346
1018490
1031212
1019675
1016012
1023326
1032135
1082438
1030186
1033387
1014125
1028340
1034817
1014413
1025675
1032935
1016808
1022320
1035858
1015926
1037534
1034966
1027614
1025617
1035203
1020189
1028219
1028692
1019666
1026643
1029760
1023300
1013631
1034932
1018528
1024500
1030744
1017842
1036163
1031297
1026388
1026014
1038360
1020106
1030051
1039245
1015211
1026769
1024016
1027672
1013926
1033386
1017985
1026294
1034069
1016574
1025218
1034721
1019528
1027893
1024225
1039593
1027968
1014913
1036724
1017691
1026247
1034612
1014192
1026866
1032142
1012428
1044184
1019007
1024622
1032706
1014143
1025303
1034733
1017223
1027484
1034533
1017892
1060974
1033559
1020454
1031094
1049259
1030697
1026176
1033825
1018988
1023760
1030514
1016899
1029252
1031908
1016244
1025657
1025045
1037089
1014449
1037726
1016121
1026876
1025814
1018722
1014519
1025205
1035263
1026676
1026242
1028277
1012580
1028740
1034461
1018740
1028501
1020770
1016742
1056123
1021840
1010392
1031353
1018169
1025656
1033010
1033907
1020152
1027430
1037491
1014237
1034449
1033243
1013234
1021588
1034692
1013967
1026053
1031657
1026278
1031935
1036373
1018892
1025202
1035528
1028121
1038867
1036735
1016479
1026447
1028627
1024880
1025388
1034472
1011698
1027382
1039387
1019793
1012990
1041606
1014026
1029664
1038224
1025666
1025746
1028985
1012465
1025498
1048922
1019298
1026041
1032982
1014837
1023334
1030192
1028968
1101304
1022778
1012121
1064466
1011917
1024055
1030207
1019793
1029387
1034269
1013731
1033983
1026858
1014007
1024172
1030330
1021606
1028363
1028796
1021360
1021518
1028528
1021244
1024443
1025033
1031903
1012057
1028604
1026935
1024848
1042800
1020099
1028029
1031095
1018768
1029484
1022529
1037405
1012066
1029709
1037502
1014374
1037026
1024421
1014537
1035957
1013335
1024616
1030370
1031007
1024233
1030972
1014502
1027630
1029126
1012938
1023298
1026839
1023792
1026892
1032005
1017043
1029544
1030001
1041203
1013126
1025002
1047309
1018750
1032292
1018606
1024499
1022262
1041134
1018417
1041680
1016221
1024468
1033630
1012531
1024044
1035305
1021027
1026020
1035608
1016023
1025693
1025534
1031529
1027003
1036353
1015887
1024827
1034286
1018444
1024120
1038780
1015768
1022736
1025633
1020878
1014460
1036017
1013303
1032182
1027449
1019092
1024395
1039729
1016167
1024955
1024275
1031596
1025067
1036535
1016340
1023938
1025887
1037127
1025907
1014726
1034366
1015696
1034071
1013308
1028040
1030342
1016299
1028183
1025878
1017350
1024120
1029212
1022502
1024349
1036844
1018962
1025594
1027058
1031788
1011658
1027698
1046507
1010718
1025215
1035216
1012026
1027431
1029641
1016525
1027563
1035622
1012969
1025478
1035618
1028900
1029415
1040552
1009359
1034441
1015769
1025793
1024840
1038716
1014963
1027341
1040633
1020370
1025136
1032773
1012637
1025032
1037052
1027543
1030379
1035650
1012802
1027639
1045725
1025968
1033371
1014978
1024230
1036107
1011898
1024691
1031690
1019665
1025127
1036289
1023441
1026421
1036837
1022266
1023186
1038822
1020227
1037108
1018819
1031131
1013514
1027637
1030537
1013051
1022503
1033457
1013704
1025633
1036313
1011629
1045135
1013672
1023436
1036312
1020588
1027804
1029547
1054833
1019030
1025227
1046053
1013882
1032511
1018495
1027423
1028611
1032767
1013614
1031875
1025004
1016307
1026513
1038742
1026372
1021948
1082837
1013292
1030377
1013384
1027582
1040054
1013378
1027034
1040203
1025262
1026536
1018420
1011928
1028279
1026889
1035397
1015362
1025235
1036333
1021891
1028391
1039253
1028106
1034069
1018302
1016423
1026497
1034111
1013120
1039577
1020819
1025361
1023426
1019699
1022679
1030987
1036971
1014911
1026232
1029642
1015454
1023889
1037826
1014462
1027431
1037327
1012825
1020750
1036248
1013564
1037022
1013387
1023444
1025860
1035731
1016630
1026862
1050540
1012752
1022811
1031922
1012301
1026237
646625
1938171
1036943
1109261
1029632
1033072
1026194
1023994
1037842
1017131
1023303
1044061
1012936
1024750
1033038
1012413
1028882
1033571
1011058
1023260
1036542
1013896
1022557
1034748
1023364
1025758
1034757
1011985
1029605
1031663
1012034
1027969
1032545
1010926
1025924
1031281
1014427
1026142
1034809
1017141
1022592
1036552
1014509
1025169
1033551
1021720
1018169
1035234
1012507
1024813
1032222
1018039
1025311
1030438
1014112
1032768
1035302
1011925
1021982
1035083
1010646
1025265
1030903
1013251
1026773
1032530
1011095
1022788
1033587
1013946
1023967
1037203
1017100
1033631
1034269
1013070
1030862
1034008
1012249
1027797
1034230
1014304
1027911
1026088
1013636
1023298
1028788
1030656
1016530
1024447
1019379
1024461
1026759
1034346
1010069
1021808
1029107
1012375
1026302
1038528
1013609
1028213
1027687
1015885
1032583
1013452
1025571
1041949
1015582
1024255
1031110
1013158
1026424
1033503
1019320
1024828
1043619
1020284
1016264
1035009
1013347
1023308
1037002
1013517
1023032
1033331
1010909
1023892
1024546
1033724
1012218
1022925
1012973
1026414
1037643
1021030
1021620
1043301
1021332
1023755
1032422
1014583
1025306
1033871
1016125
1027978
1043370
1014761
1028919
1030508
1012978
1025044
1024666
1026066
1029096
1027495
1014657
1023359
1024999
1034596
1013328
1044089
1014946
1025013
1021837
1032968
1012654
1029491
1036086
1018508
1018661
1012395
1023746
1026378
1030055
1024891
1031962
1016766
1028290
1028503
1023457
1010777
1041731
1015043
1023235
1028552
1026568
1016119
1037123
1013496
1026172
1022286
1038689
1019718
1032426
1024912
1029166
1041301
1013039
1026505
1034123
1011058
1022671
1031537
1011643
1023044
1035063
1011397
1030483
1034896
1018731
1024506
1032951
1018307
1020420
1036136
1014658
1024487
1039052
1013547
1023988
1032633
1015013
1025811
1032272
1016122
1025632
1039663
1013814
1024718
1035115
1014871
1023760
1029395
1011518
1025685
1027465
1015101
1021867
1030198
1046422
1030738
1023449
1012396
1021155
1032454
1015798
1023664
1028799
1013577
1027054
1033621
1017339
1023089
1028091
1034156
1015911
1032701
1064966
1012511
1036305
1019564
1013635
1034332
1012646
1026052
1029774
1012720
1024724
1032080
1011450
1021275
1037799
1014626
1023442
1031866
1014036
1021957
1031622
1015946
1023257
1036646
1013017
1025193
1032660
1011025
1041035
1024442
1026370
1011134
1034555
1015270
1026279
1023618
1033332
1026889
1027806
1015143
1028593
1029221
1012923
1028835
1019674
1027132
1019081
1025399
1021170
1026594
1033835
1031502
1024572
1036589
1017282
1024461
1030415
1014504
1024021
1038600
1015721
1021421
1037498
1009463
1021004
1032201
1017493
1024737
1033901
1011175
1022056
1027630
1015178
1023325
1032548
1013333
1031262
1016541
1011267
1026400
1029320
1019329
1025209
1029063
1012914
1022863
1025916
1014242
1023644
1033806
1013358
1025901
1028645
1018025
1024199
1028942
1012448
1026717
1030631
1011270
1022812
1032286
1012428
1025721
1035898
1013573
1030094
1022604
1015467
1027665
1041391
1015998
1022545
1035598
1015387
1023531
1031653
1015369
1025922
1033998
1013767
1025869
1035605
1019470
1013604
1034140
1014699
1022621
1031655
1027540
1013101
1024799
1035879
1010405
1028138
1030745
1011973
1036183
1022264
1018079
1028920
1015534
1021471
1049870
1030751
1024293
1031755
1013422
1027271
1036339
1018406
1030013
1021716
1011909
1026494
1032042
1015257
1023462
1040382
1015020
1024703
1032494
1011851
1031733
1032918
1013828
1011777
1028585
1014522
1031839
1031992
1015604
1030538
1026326
1035047
1023918
1022347
1034018
1014380
1028145
1028858
1021929
1022785
1028979
1009737
1025069
1029123
1024391
1025881
1037494
1017141
1023099
1030885
1013855
1024051
1028032
1013604
1021322
1030419
1013403
1030827
1023960
1014130
1031158
1014823
1054490
1022652
1014256
1027299
1036379
1016577
1028207
1026069
1035366
1013160
1033982
1013389
1023923
1028139
1014374
1027381
1020163
1026178
1014175
1039079
1012428
1026909
1021172
1015655
1024484
1032716
1019753
1017090
1022932
1031756
1025834
1027911
1097562
1013247
1036116
1014821
1024657
1032014
1013387
1027660
1024194

1024716466
