5952899
894854
1234392
1230964
1347665
1524581
1221305
1238195
1232940
1236692
1240216
1214715
1207159
1219225
1202810
1218345
1205948
1237143
1207049
1200622
1205359
1203561
1204518
1206088
1200721
1215680
1217045
1194734
1217732
1212383
1236861
1196541
1199685
1236869
1228558
1205107
1218149
1200759
1216907
1220413
1205031
1210151
1222243
1219077
1197398
1211071
1209278
1199197
1210977
1210219
1217247
291673
1212740
1204331
1200363
1211550
1213326
1197993
1220629
1202667
1206933
1210426
1219097
1211451
1216467
1220908
1198743
1200053
1207025
1216739
1195401
1205025
1205622
1201956
1201291
1215693
1204385
1211799
1207838
1197612
1208402
1215245
1230278
1204798
1212706
1219059
1209857
1215471
1225879
1197374
1210398
1219666
1236099
1208945
1212871
1222696
1207328
1220125
1208487
1206467

125219165
