21681078
22273673
22256568
22422747
22431665
22438766
22455112
22590161
22563379
22524561
22517630
22367576
22434492
22304835
22636816
22493326
22378012
22511433
22516005
22571532
22594493
22672940
22640437
22643834
22496884
22369159
22621219
22488537
22607930
22469015
22605385
22591969
22493720
22589048
22517500
22620094
22620377
22757481
22538564
22615986
22491515
22467015
22639665
22644174
22659720
22526745
22399057
22500207
22554912
22617061
22470971
22531027
22548797
22602618
22562947
22503545
22503198
22455440
22619575
22616344
22501908
22508201
22600378
22583397
22559231
22390755
22551080
22484532
22566828
22533101
22637246
22523769
22514439
22624058
22665704
22509060
22502383
22597829
22564204
22539800
22443220
22620004
22417769
22617246
22573142
22234932
22591880
22561291
22650041
22397600
22526634
22505872
22408403
22471969
22640136
22679591
22563467
22373080
22486170
22423893

2251982715
