24166294
22538561
22410252
22464224
22374239
22354780
22470667
22426720
22246531
22375309
22494468
22479235
22507402
22522064
22410507
22449324
22383732
22668100
22476309
22338013
22346263
22371084
22492300
22451243
22478099
22315415
22457787
22371638
22449685
22448348
22502865
22463835
22356602
22383569
22374016
22331530
22311942
22291309
22460063
22395956
22393865
22386623
22348580
22422296
22451849
22375818
22334502
22760758
22398746
22382443
22403743
22367257
22270586
22349120
22514715
22371500
22418126
22451709
22370188
22381439
22401930
22382108
22485169
22387283
22337435
22387610
22400949
22338256
22441433
22345726
22396931
22293963
22457709
22402358
22519309
22309809
22387793
22397416
22414797
22452481
22351156
22427019
22370964
22420905
22462608
22520906
22500304
22502831
22666124
22392708
22481413
22468504
22402441
22411856
22589098
22355656
22363735
22388529
22688451
22430775
22553263
22431894
22477973
22489100
22493759
22481332
22489594
22507692
22518547
22314422
22374653
22401005
22541002
22397564
22573129
22389295
22390846
22469311
22730654
22449440
22431346
22407177
22498751
22469474
22374620
22508489
22359865
22490336
22351985
22703958
22408332
22411012
22273931
22419610
22400160
22419488
22305344
22417561
22430723
22461196
22431083
22422131
22517139
22498834
22449940
22436311
22399087
22466515
22446323
22469020
22431027
22448935
22587009
22518492
22298444
22565200
22584008
22560455
22376019
22377336
22459009
22450276
22362792
22447309
22406847
22344073
22397610
22481876
22431506
22354155
22559431
22572692
22517214
22533890
22610080
22605239
22561619
22383013
22563462
22561655
22526813
22616075
22394891
22602651
22321181
22391088
22502356
22324725
22565629
22423188
22522041
22558698
22459411
22365917
22463137
22549397
22566856
22341703
22472930
22443150
22345286
22437467
22362536
22391341
22536757
22374434
22469880
22441382
22304789
22357571
22365633
22331992
22377143
22309485
22395277
22510420
22325592
22432909
22502643
22519741
22452314
22350055
22468806
22412212
22477368
22425374
22392898
22659900
22440510
22347234
22314837
22364587
22555427
22425777
22419537
22454178
22478025
22298290
22468722
22328786
22432654
22451580
22710351
22497514
22571575
22493241
22426975
22464385
22421431
22435846
22483608
22448673
22318055
22418492
22373436
22492004
22538391
22410675
22451617
22401139
22477228
22400639
22402976
22489437
22329500
22419760
22522824
22516584
22538408
22444548
22502663
22470048
22448082
22414342
22400533
22482654
22435165
22483496
22442477
22394692
22355749
22444521
22466177
22812064
22469228
22500737
22493261
22400697
22579161
22434322
22348347
22418194
22413979
22485625
22427681
22498383
22390508
22418700
22444565
22478054
22572147
22462183
22493424
22421022
22343689
22456784
22512339
22580099
22390174
22451547
22421660
22315575
22423996
22435037
22499044
22435679
22341131
22385134
22462288
22324518
22437585
22472729
22439272
22515876
22509623
22421962
22343446
22566427
22505033
22434432
22460694
22510521
22491236
22400302
22315187
22396030
22391293
22445037
22454183
22343804
22470396
22322336
22288494
22474339
22349204
22578945
22360610
22343744
22587480
22365624
22544296
22486410
22485227
22313129
22395189
22364366
22703156
22521633
22404646
22417899
22389921
22451753
22638770
22557257
22343341
22432716
22433303
22572493
22313743
22421604
22336388
22434143
22399231
22409014
22355948
22473534
22454035
22463762
22305693
22479577
22397459
22552117
22436951
22597044
22416940
22334002
22373500
22420775
22435940
22304581
22462273
22436321
22653661
22347563
22418372
22433204
22474099
22451183
22773153
22432994
22533024
22396350
22369687
22555559
22493749
22664025
22658121
22620376
22532578
22440456
22410419
22403055
22321896
22473291
22586349
22582628
22610319
22443202
22441283
22381840
22374008
22591040
22307296
22640804
22434056
22501094
22335154
22477912
22444767
22333027
22383184
22567061
22386106
22339467
22456137
22364671
22467684
22452475
22444663
22373659
22452054
22549682
22450514
22375125
22429442
22248707
22469384
22307880
22363144
22443518
22367938
22441115
22394154
22381905
22424999
22365140
22380338
22492170
22321271
22291780
22374301
22465473
22478392
22330922
22374532
22581889
22270175
22494376
22427943
22416121
22323953
22352894
22395268
22389852
22356793
22454514
22347906
22409754
22321899
22333908
22322692
22279608
22336972
22200845
22423991
22320077
22353060
22337261
22311286
22392456
22360301
22276443
22457715
22462755
22309928
22328648
22441044
22442362
22550267
22584743
22434833
22500687
22585730
22523155
22318041
22331886
22260555
22419516
22426190
22330878
22429765
22292274
22301927
22392089
22342686
22223925
22431529
22584373
22446666
37797176
22436833
22469224
22361275
22515914
22510132
22478858
22383417
22389597
22453377
22392852
22527434
22458044
22334617
22394076
22501168
22208988
22326328
22262763
22355171
22400058
22325542
22368938
22293178
22294642
22335696
22293202
22268414
22394163
22248485
22306645
22362387
22216958
22312302
22395306
22406530
22428346
22429745
22383919
22382518
22295868
22390883
22302124
22340017
23126703
22397190
22300302
22263213
22311094
22304079
22385385
22401287
22266789
22336593
22400972
22351691
22398403
22331141
22328124
22392099
22310913
22346745
22309265
22469960
22353844
22336416
22316152
22426956
22337027
22476506
22382128
22459701
22419313
22463338
22327867
22303050
22383429
22431260
22503811
22355171
22251516
22470915
22408242
22307279
22362402
22343576
22316134
22381461
22364500
22418342
22425356
22316845
22419211
22344294
22459875
22488699
22576045
22354893
22471483
22274990
22360372
22287476
22465904
22447168
22643478
22554874
22709647
22537526
22211349
22556171
22427491
22497673
22334136
22429303
22389084
22386540
22461181
22326378
22612619
22401786
22560303
22490890
22528168
22425490
22565995
22250202
22423054
22394532
22400249
22445527
22430062
22409342
22379377
22412813
22248210
22412948
22669228
22476244
22417656
22370085
22468128
22464231
22390303
22372580
22507352
22274226
22395000
22336965
22397014
22328108
22440897
22395458
22516637
22456200
22482399
22607432
22328093
22263307
22329306
22359738
22725531
22492967
22527077
22449925
22625732
22422871
22585116
22534197
22496060
22507759
22639283
22423407
22447371
22323094
22359666
22307475
22378495
22442663
22429548
22477002
22380708
22564919
22543888
22659097
22444797
22381641
22471086
22351339
22494572
22416360
22527501
22502809
22572259
22446238
22372071
22367959
22381227
22408048
22506706
22560098
22528776
22454863
22574938
22699186
22586586
22383018
22459992
22435763
22535592
22422099
22519344
22470270
22565400
22705581
22559034
22446366
22366816
22362833
22337267
22423275
22287510
22452963
22619922
22469340
22335683
22488428
22385271
22428584
22305630
22545251
22430109
22394489
22490603
22582200
22427011
22547581
22459771
22343520
22526900
22430088
22395842
22426631
22289361
22370807
22535568
22427134
22318472
22428492
22390677
22419131
22312438
22518010
22293176
22489167
22529817
22468702
22502445
22417953
22362494
22284929
22522900
22499335
22530353
22578468
22452356
22490000
22273923
22411953
22358866
22545769
22550336
22701252
22494255
22404180
22470467
22413195
22386890
22456301
22634307
22461881
22453044
22850925
22434715
22522041
22362882
22438321
22515780
22341555
22538505
22466204
22330478
22330376
22500680
22484532
22353047
22394237
22585138
22618546
22498795
22451448
22463397
22350204
22521058
22406454
22364169
22539083
22495572
22560462
22459512
22430402
22526062
22406693
22354094
22545995
22359280
22382439
22476262
22783121
22521958
22415303
22595104
22367649
22455174
22330413
22702705
22336739
22531400
22575950
22332764
22571724
22451604
22436905
22414009
22351842
22323542
22478943
22510065
22462265
22392487
22372468
22520415
22359854
22323313
22326527
22452974
22282483
22462360
22417708
22459529
22408917
22312250
22493804
22543945
22550188
22396679
22503929
22450213
22490006
22493074
22740207
22539680
22671225
22565091
22550901
22654411
22552406
22635211
22580408
22553507
22571023
22472192
22550180
22469005
22355298
22452182
22476825
22459926
22498201
22573066
22447878
22561890
22457551
22354946
22663270
22472220
22469587
22509977
22626128
22527628
22534051
22576902
22659735
22440575
22485525
22571013
22408849
22558210
22617786
22621090
22412597
22561034
22487120
22301518
22485851
22591481
22420473
22445730
22348949
22588225
22432755
22747518
22505860
22364055
22433263
22410159
22485078
22436459
22526287
22335424
22494149
22352900
22450446
22397521
22387792
22487058
22391679
22522241
22392430
22487049
22362611
22449386
22554905
22537142
22477443
22535214
22451540
22545597
22301030
22517421
22450711
22479656
22507967
22509588
22331563
22265616
22228378
22430030
22302114
22466778
22468510
22404056
22415379
22519711
22435113
22194879
22350319
22298583
22445920
22361636
22543089
22478913
22466056
22535494
22482069
22274350
22268560
22412871
22332032
22294982
22410280
22297869
22424462
22421892
22474791
22194992
22364350
22322245
22460835
22281668
22427293
22348472

22455348007
