837819
684542
625964
425427
1012676
1036824
1016981
1029932
1044673
1024147
1031655
1050165
1021243
1034629
1049850
1030897
1031281
1064935
1021968
1035858
1054139
1033594
1031191
1042692
1028151
1033755
1038581
1031701
1032367
1038700
1035412
1028717
1080141
1024639
1035183
1034162
1034180
1039859
1030763
1037321
1038807
1036439
1034451
1037267
1033353
1035896
1076804
1021352
1032618
1036315
1034204
1034440
1034787
1037558
1025495
1035966
1032688
1034444
1041557
1019531
1032561
1034157
1033843
1036960
1037628
1033097
1032958
1036330
1028325
1038625
1037640
1078186
1086054
1038972
1033417
1033969
1035003
1035717
1037854
1045443
1021602
1037224
1037652
1031792
1039062
1040711
1036369
1037306
1038119
1019543
1040734
1037444
1035418
1036060
1039049
1029703
1036383
1042520
1032122
1041185

102087423
