6460155
2931407
1295474
4057004
1231442
1220286
1252474
1252037
1201949
1223606
1227266
1198502
1201359
1244611
1217065
1201303
1221600
1207398
1208570
1203045
1206357
1201372
1203781
1217606
1190900
1203457
1216422
1189654
1198978
1212913
1209485
1190601
1222361
1209431
1201969
1207883
1228273
1206715
1199287
1268558
1205463
1222008
1217782
1200128
1197763
1218754
1225018
1216252
1202683
1224203
1198821
1206817
1201623
1205442
1199071
1230811
1206101
1210536
1205749
1226035
1210699
1198666
1205535
1199200
1207649
1226808
1191915
1213943
1216291
1190055
1210267
1210382
1221246
1207095
1217100
1224075
1192372
1211193
1216416
1197742
1195574
1229025
1199063
1202535
1213443
1212955
1195287
1211306
1209083
1190711
1210044
1212229
1188179
1213248
1237215
1193767
1209508
1200064
1209517
1197799
1206809
1219289
1192984
1207735
1213265
1194062
1209884
1221170
1196697
1202067
1205303
1217059
1191408
1210745
1208617
1183164
1212769
1217089
1193142
1203609
1202472
1222978
1194032
1207197
1214219
1193622
1217159
1221198
1197425
1206059
1217446
1188638
1208869
1206687
1220001
1187518
1209070
1240013
1190032
1210554
1214659
1197302
1211773
1217206
1189455
1209662
1209673
1207432
1184333
1205755
1208648
1186894
1211541
1217522
1191172
1208354
1209761
1186777
1200264
1211463
1207031
1192906
1210238
1217279
1188585
1216775
1218181
1182326
1208389
1204648
1183776
1219827
1200035
1218542
1197113
1200584
1218887
1198495
1197706
1217982
1189540
1200531
1225595
1196209
1207944
1216070
1226098
1193883
1216354
1216918
1190672
1212750
1218989
1240610
1188678
1211186
1197752
1199633
1204349
1211542
1189410
1209248
1214087
1195330
1208737
1215601
1187525
1208027
1226296
1192660
1204677
1212899
1206804
1191591
1211985
1214964
1189367
1202949
1209562
1188060
1201848
1209378
1216611
1196050
1205493
1207042
1193924
1209547
1210101
1190096
1219874
1217272
1185607
1198139
1212872
1209721
1186070
1201428
1205855
1189292
1197621
1222179
1195083
1194765
1214315
1193575
1204853
1208991
1219512
1197205
1199963
1216802
1193991
1207472
1215754
1193565
1211312
1227846
1215690
1200241
1200522
1218353
1189305
1211666
1205178
1190613
1201177
1205777
1192023
1209089
1214226
1196954
1208546
1211119
1214618
1195934
1224464
1232649
1198618
1211499
1204693
1205612
1218064
1206544
1198281
1202419
1221334
1206816
1207091
1219627
1205649
1205357
1205876
1224355
1200764
1211904
1230042
1198182
1202963
1200077
1241551
1200313
1214300
1216024
1199672
1212242
1217985
1189811
1209597
1226391
1202297
1218674
1213399
1216159
1188514
1205021
1221669
1212629
1204220
1213260
1190674
1211519
1245176
1202630
1199782
1212710
1216829
1199854
1205970
1209169
1188715
1211921
1215183
1187143
1212853
1231349
1190804
1198167
1204934
1214833
1197560
1209092
1216936
1190989
1210805
1215833
1195855
1209693
1204886
1205987
1192271
1210838
1214632
1199686
1194546
1216727
1193246
1210941
1206577
1194042
1203154
1212457
1220530
1190755
1210703
1217388
1189968
1210422
1218611
1193693
1207582
1209884
1195628
1205546
1209335
1251841
1211970
1204908
1215704
1195921
1201672
1216814
1191434
1207330
1217334
1191724
1209993
1199956
1204983
1196673
1195641
1204881
1193959
1210144
1202716
1235215
1203056
1217966
1192270
1208755
1206062
1210212
1187737
1209703
1211036
1216768
1183217
1214669
1192671
1201390
1216007
1193900
1209460
1199513
1226075
1197871
1202988
1207212
1194880
1204815
1215397
1194256
1200410
1216012
1198025
1203450
1203484
1216898
1198321
1205656
1213476
1195665
1215477
1216907
1194331
1210808
1234407
1203039
1187517
1211505
1206710
1202452
1195770
1208010
1190816
1201581
1212828
1195593
1200156
1213041
1207568
1193978
1200043
1218558
1186459
1218335
1212138
1187095
1214157
1209321
1194731
1199457
1200753
1219925
1184153
1208212
1215822
1212217
1190138
1216785
1188077
1203227
1212018
1195147
1204090
1205057
1224488
1189508
1211798
1216137
1193284
1204858
1225868
1195538
1199449
1214047
1192807
1214383
1196490
1219241
1205477
1203578
1218330
1189658
1210756
1218755
1185350
1205553
1217630
1186261
1205995
1210056
1218649
1202564
1204103
1218270
1188121
1212802
1230208
1195272
1212076
1212790
1190012
1212868
1221047
1231896
1214040
1217447
1224261
1221945
1199830
1207780
1200048
1211497
1226648
1203321
1210628
1221312
1231859
1209713
1200349
1206704
1203731
1219916
1223972
1211177
1208230
1222642
1196581
1220658
1198630
1234013
1196901
1219830
1208785
1202376
1219219
1227521
1210974
1200110
1203639
1203804
1199589
1200334
1212015
1202118
1205738
1205357
1196311
1211742
1212356
1194280
1209020
1216535
1187040
1207750
1209804
1212138
1207853
1207170
1218703
1187681
1210728
1208559
1183399
1202811
1220631
1185710
1204917
1210329
1205730
1196215
1209956
1211888
1196525
1212122
1208796
1192600
1210180
1211697
1223844
1187450
1209674
1208063
1201273
1228444
1282049
1209688
1209860
1220611
1193233
1210597
1234252
1190722
1203175
1214497
1218600
1204213
1214871
1207051
1180985
1221371
1210108
1199755
1215779
1251916
1189458
1199284
1214158
1212695
1188583
1211235
1218621
1195219
1224769
1212727
1189599
1197773
1223463
1204523
1207153
1202654
1214960
1203351
1209547
1218247
1187312
1210791
1209973
1186162
1211894
1211946
1220580
1186514
1212514
1208759
1185607
1194929
1219001
1193063
1205497
1211006
1193127
1212040
1207314
1220945
1189415
1214606
1210816
1184838
1201045
1209539
1189207
1203052
1221572
1193162
1208645
1202509
1218965
1198866
1208736
1209099
1186311
1208914
1202935
1188964
1210039
1214655
1195500
1198830
1211278
1209058
1188664
1208527
1203277
1185605
1213174
1233098
1194204
1205405
1202630
1069202
1193253
1203027
1216552
1202187
1205263
1209994
1195913
1197698
1208449
1184481
1204232
1212553
1212025
1185507
1194724
1218308
1196216
1195212
1215886
1201846
1207801
1213549
1186035
1200337
1211228
1206537
1193360
1210411
1209220
1195329
1203122
1203788
1190062
1210563
1210052
1195961
1196805
1200944
1227601
1202977
1212318
1217387
1189101
1223782
1227690
1210953
1203395
1224143
1204734
1197854
1200261
1220779
1211297
1221059
1225534
1205256
1200127
1215475
1205929
1212738
1207679
1200524
1197844
1211414
1220533
1193805
1213053
1215045
1198653
1203353
1218014
1202202
1211100
1219356
1188900
1211068
1212002
1205893
1192064
1213196
1216887
1188445
1214590
1214927
1194859
1212743
1221794
1197531
1204551
1209417
1214349
1190239
1214253
1203442
1184786
1211266
1219653
1196098
1208132
1205741
1215569
1184846
1209341
1205327
1185277
1200615
1280481
1197067
1215470
1215535
1191786
1202830
1213358
1212679
1210187
1214706
1218594
1199889
1210519
1209341
1198282
1210818
1216523
1190668
1210520
1207378
1220247
1196131
1207821
1217799
1189862
1228001
1209428
1200659
1203093
1225210
1207322
1218923
1218349
1234407
1185291
1215563
1226410
1206138
1213471
1209275
1206330
1199205
1206630
1199435
1209505
1218529
1077273
1211913
1220084
1214380
1196011
1203155
1225146
1209608
1219152
1208654
1203744
1201041
1227064
1202749
1219659
1220029
1211934
1209124
1199584
1225649
1197781
1205505
1203436
1208239
1216101
1218775
1192086
1212702
1206386
1216078
1198201
1205443
1210403
1193717
1212281
1211808
1196636
1202509
1230491
1198481
1205785
1213907
1216933
1193163
1201374
1217018
1196475
1202218
1209468
1183108
1212366
1210870
1063097
1205978
1206369
1209801
1195398
1209124
1203148
1191181
1210495
1221861
1201682
1202827
1218861
1217015
1200162
1204401
1216288
1196697
1202995
1218372
1190270
1206699
1206858
1201713
1208914
1205880
1206881
1184437
1214471
1217113
1191757
1202508
1218630
1195883
1201230
1208048
1204899
1210869
1210268
1221063
1192897
1210342
1208327
1199528
1203968
1219889
1206375
1204671
1218189
1197635
1214478
1201701
1217951
1197313
1200424
1216094
1194525
1212543
1208626
1197381
1202403
1218774
1196889
1208010
1206960
1210803
1190779
1212688
1211425
1192995
1200596
1216360
1187588
1208059
1206986
1073398
1198728
1198283
1215904
1202219
1205585
1216742
1208686
1213235
1218773
1200273
1202892
1225407
1196957
1200460
1214206
1215150
1188421
1199419
1218636
1185224
1212861
1214741
1200216
1229840
1206535
1068671
1211386
1204395

1216419010
