24335806
22633704
22668035
22700312
22525427
22712370
22668185
22589914
22554812
22419639
22635641
22669099
22690657
22624672
22411166
22565519
22712183
22967040
22449652
22422141
22555357
22786372
22635379
22555139
22582403
22524050
22523300
22491627
22998814
23251285
22651764
22735987
22838030
22873047
22833750
22719885
22926091
22479908
22690178
22594625
22601339
22714372
22679065
22868765
22763769
22391186
22532066
22591251
22350213
22509372
22778001
22577745
22702131
22548068
22557639
22612881
22534793
22788558
22513616
22667700
22541387
22578956
22426886
22580179
22413413
22521411
22659161
22570166
22676819
22540519
22363488
22727530
22561608
22461211
22399461
22385323
22504744
22631133
19414690
22495882
22773470
22618963
22627593
22652995
22773747
22672620
19246641
22821752
22724650
22837387
22849170
22839041
22657858
22871373
22657384
22656652
22605972
22975559
22944180
22823946
22662836
22616693
22834766
19313814
22413682
22783930
22410941
22760778
22767608
22746067
22567082
22761208
22696780
22610287
22637486
22626962
22960953
22621178
22722592
22594525
22696677
22488241
22917810
22837801
22625326
22724001
22718177
22816127
22837787
22682340
22356055
22777995
22874268
22627368
22660606
22735808
22717737
19998649
22569783
22694572
22716442
22893002
22771318
22675001
19385958
22711192
23221680
23171459
22907348
22693827
22820366
22924416
22812840
22806610
22709992
22514673
22905591
22917934
22937393
22953087
22919632
21891349
22985932
22966972
22764930
22822023
22861085
22881705
19465719
22448017
22668462
22807714
23008083
22934394
22638371
22682945
22678997
22645973
22616459
22787633
22422603
22590250
22431371
22574152
22557137
22619623
22591127
22676707
22678495
22680122
22457613
22512753
19705849
22775017
22611748
22631414
22647964
22435763
22716831
22498627
22712298
22717964
22572002
19468799
22785276
22454198
22422792
22569282
22778736
22647947
22870524
22923727
23013298
23071699
23014508
22858294
22965749
21832085
22843719
22961540
22944721
23055169
22909194
22650357
22836043
22722122
22890586
22717286
22878211
23000354
22490567
22708337
23058134
22642113
22845756
22477297
22681363
22990259
22562775
22604364
22569479
22433700
22620588
23031422
22707825
22514241
22592869
22714736
22686205
22491609
22845560
22786633
22684464
22822026
22660571
22638521
22737514
22724175
22577473
22726937
22577820
22486984
22527659
22808943
22656018
22557628
22762447
22898940
22962536
22821791
22795713
22601095
22763577
22867067
22950258
22743620
22704017
22673330
22602573
22409858
22404955
22812767
22452413
22746961
22680277
22762707
22625263
22642849
22697787
22981299
22553713
22497593
19404176
22730839
22829837
22633064
22918286
22693886
22593669
23017290
22640358
22536231
22674469
22697466
22430405
22399564
22562599
22453227
22862893
22851230
22615877
22646253
22994820
22679139
22679368
22395771
22625212
22558995
22680884
22718950
22638117
19525014
22538478
22619235
22472206
22528171
22655798
22482645
22653592
22620340
22734445
22739177
22708019
22572023
22498763
22398199
22484502
22472101
22425406
22645196
22594410
22558620
22691310
22669643
22698328
22588290
22513917
19504721
22766132
22490325
22499936
22381347
22327211
22410344
22448762
25062844
22773581
22427618
22529458
19326653
22454532
22705827
22553555
22568741
22504978
22436537
22563564
22460961
22578279
22434544
22550693
22455544
22559236
22628237
22564638
22629799
22404358
22690955
22434606
22502519
22433832
22641640
22587440
22775931
22525464
22640653
22582867
22623586
22567614
19433944
22610396
22308697
22522017
22727598
22541983
22580944
22495918
19283461
22383975
22616822
22518042
22563177
22832873
22495621
22431022
22565434
22591033
22390403
22509703
22362963
22678910
22430719
22560246
22567464
22776005
22791149
19482749
22883809
22425506
22482500
22613637
22351048
22442427
22504959
22665967
22535895
22492710
22237674
22475414
22688492
22388654
22598796
22476959
22487103
22435570
22645023
22407500
22511671
22494110
19415329
22394762
22652117
22491082
22511275
22720082
22445262
22396234
22596098
22590089
22520293
22503342
22558753
22537854
22487648
22684424
22618072
22586639
22453586
22648185
22504966
22535572
22510532
22560787
22577181
22528032
22378800
22428502
22497106
22768077
22570284
22446922
22543973
24512162
22805372
22562164
22407539
31061841
22868403
22527726
22350991
22291669
22355265
22375084
22580511
22593888
22550750
22467125
22549204
22490568
22688225
22365287
22625135
22442734
22429572
22513185
22680479
22518570
22467240
22776955
22514302
22662977
22544303
22730980
22562006
22565193
22743265
22428127
22569125
22711306
22599005
22468080
22562016
22500147
22416530
22534090
22684507
22539574
22448289
22540913
22546740
22281459
22357124
22391705
22330483
22441382
22359835
22564138
22553536
22404942
22436855
22404535
22585347
22537035
22475961
22669207
22345127
22304638
22373523
22358713
22292859
22438662
22348288
22328997
22375632
22292859
22278925
22307654
22304551
22412873
22461109
22398292
22581574
22438337
22563515
22487680
22598371
22466227
22965534
22568592
22551704
22442469
22362439
22362215
22487104
22381196
22393544
22584077
22735733
22603257
22461023
29375182
22599245
22466651
22422096
22375376
22602562
22470659
22623610
22442224
22479463
22494797
22318740
22570496
22498063
22509141
22409639
22684169
22481770
22525396
22499861
22333749
22385352
22423510
22396188
22518828
22630218
22364381
22640243
22503211
22426899
22507917
22555421
22502562
22360959
22370209
22353217
22463936
22458009
22380341
22378494
22691809
22769305
22423743
22404652
22413979
22545515
22478477
22526709
22491472
22366414
22506465
22500763
22391090
22469164
22438441
22494334
22483381
22483822
22574268
22425830
22809160
22619186
22615495
22485119
22389761
22361734
22663413
22584393
22497871
22530126
22452858
22503569
22573528
22421037
22516105
22698540
22473524
22461200
22459726
22421317
22453835
22400972
22579991
22577414
22636208
22570900
22496802
22437816
22432596
22399545
22496118
23600198
22628844
22663306
22532400
22502826
22609933
22511484
22520150
22434960
22480829
22592500
22540019
22383844
22565796
22559098
22596028
22852459
22611640
22580890
22577052
22688312
22659012
22498699
22496745
22427227
19246983
22566811
22415265
22451883
22616300
22495117
22482964
22657171
22335633
22527949
22352612
22344255
22433775
22337152
22440864
22435340
22430700
22455574
22305590
22559589
22551740
22467718
22417224
22629155
22433238
22348068
22789199
22534392
22656405
22817116
22548119
22753473
22520896
22491050
22302777
22380096
22481727
22413167
19274087
22551198
22804128
22868267
22787265
22641921
22804629
22715756
22805290
22541927
22494671
22774860
22717490
22406959
22468568
22446246
22722807
22573513
22495533
22580778
22822342
22827902
22584944
22766307
22477352
22648088
22826453
22666101
22568341
22320169
22776916
22745496
22507760
22564971
22597351
22679323
22834936
22615511
22558239
22573726
22688293
22635933
22912217
22644149
22865777
22346086
22707826
22936971
22691724
22639583
22640849
22819310
19362293
22632397
22613790
22461822
22586693
22896410
22717271
22549702
22520895
22436081
22617104
22506685
19387307
22571649
22863869
22647463
22610705
22742173
22808640
22699771
22501720
22492993
22731652
22331807
22660449
22793138
22940509
22618853
22783345
22654913
21381431
22692250
22431477
22509475
22589076
22449901
22507940
22712962
22777782
22429736
22614825
22509292
22516570
22763877
24762514
22593938
22878150
22750142
22552280
22576727
22546777
22564387
22535613
22904699
20017180
22864650
22601931
22435259
22745835
22620416
22491695
22656885
22605670
22620968
22501370
22497592
22685781
22554527
22471560
22437263
22542562
22358061
22501268
22531032
22508621
22712899
22591599
22646110
22631440
22669843
22671585
22718750
22625938
22547704
22802126
22621246
22343706
22571959
22666810
22507849
22781740
22632425
22646221
22514605
22554157
22398303
22471660
22635641
22597221
22531144
22400203
22503972
22521129
22403260
22547119
22522942
22429198
22673577
22808496
22636465
22571485
22703463
22609666
22558623
22627795
22505649
22409007
22460101
22735544
22913558
23011904
22576401
23010077
22835657
22864672
22828731
22459176
22585950
22744972
22625403
23079127
22674999
22858684
22769664
22923955
22913404
22704067
22872871
22789945
22890021
22753311
22675940
22965839
23050819
22908708
22806203
22780117
22781007
22527470
22509705
22616458
23000590
23134173
22740371
22600463
22601513
22560964
22569410
22487656
22469503
22465155
22673861
22611899
22505070
22600387
22586465
22589591
22709490
22687847
22508195
22798987
22392156
22823325
22568315
22542749
22866081
22543072
19313400
22684455
22774914
22761223
22446623
22533313
22893115
22586785
22740887
22785357
22562374
22526736
22718021
22658445
22432217
19403146
22682955
22616048
22564782
22501579
22600020
22648170
22574334
22440518
22499816
22494982
22800598
22523877
22591552
22550532
22575880
22480019
22590658
22491274
22584511
22522592
22701436
22453598
22700750
22925881
22428177
22756533
22636281
22964599
19479194
19959237
22746893

22551256389
