19246641.0000  0.00  0.00
19308476.1167  0.00  0.40
19370311.2333  0.00  0.80
19432146.3500  0.00  1.40
19493981.4667  0.00  1.90
19555816.5833  0.00  2.10
19617651.7000  0.00  2.10
19679486.8167  0.00  2.10
19741321.9333  0.00  2.20
19803157.0500  0.00  2.20
19864992.1667  0.00  2.20
19926827.2833  0.00  2.20
19988662.4000  0.00  2.30
20050497.5167  0.00  2.50
20112332.6333  0.00  2.50
20174167.7500  0.00  2.50
20236002.8667  0.00  2.50
20297837.9833  0.00  2.50
20359673.1000  0.00  2.50
20421508.2167  0.00  2.50
20483343.3333  0.00  2.50
20545178.4500  0.00  2.50
20607013.5667  0.00  2.50
20668848.6833  0.00  2.50
20730683.8000  0.00  2.50
20792518.9167  0.00  2.50
20854354.0333  0.00  2.50
20916189.1500  0.00  2.50
20978024.2667  0.00  2.50
21039859.3833  0.00  2.50
21101694.5000  0.00  2.50
21163529.6167  0.00  2.50
21225364.7333  0.00  2.50
21287199.8500  0.00  2.50
21349034.9667  0.00  2.50
21410870.0833  0.00  2.60
21472705.2000  0.00  2.60
21534540.3167  0.00  2.60
21596375.4333  0.00  2.60
21658210.5500  0.00  2.60
21720045.6667  0.00  2.60
21781880.7833  0.00  2.60
21843715.9000  0.00  2.70
21905551.0167  0.00  2.80
21967386.1333  0.00  2.80
22029221.2500  0.00  2.80
22091056.3667  0.00  2.80
22152891.4833  0.00  2.80
22214726.6000  0.50  2.80
22276561.7167  3.00  2.90
22338396.8333  15.52  4.90
22400231.9500  36.84  10.91
22462067.0667  63.36  22.02
22523902.1833  82.98  36.04
22585737.3000  93.79  51.25
22647572.4167  96.80  64.66
22709407.5333  98.70  75.38
22771242.6500  99.40  82.78
22833077.7667  99.70  89.19
22894912.8833  99.80  93.39
22956748.0000  99.80  96.10
23018583.1167  99.80  98.40
23080418.2333  99.80  99.00
23142253.3500  99.90  99.10
23204088.4667  99.90  99.20
23265923.5833  99.90  99.40
23327758.7000  99.90  99.40
23389593.8167  99.90  99.40
23451428.9333  99.90  99.40
23513264.0500  99.90  99.40
23575099.1667  99.90  99.40
23636934.2833  99.90  99.50
23698769.4000  99.90  99.50
23760604.5167  99.90  99.50
23822439.6333  99.90  99.50
23884274.7500  99.90  99.50
23946109.8667  99.90  99.50
24007944.9833  99.90  99.50
24069780.1000  99.90  99.50
24131615.2167  99.90  99.50
24193450.3333  99.90  99.50
24255285.4500  99.90  99.50
24317120.5667  99.90  99.50
24378955.6833  99.90  99.50
24440790.8000  99.90  99.50
24502625.9167  99.90  99.50
24564461.0333  99.90  99.60
24626296.1500  99.90  99.60
24688131.2667  99.90  99.60
24749966.3833  99.90  99.60
24811801.5000  99.90  99.70
24873636.6167  99.90  99.70
24935471.7333  99.90  99.70
24997306.8500  99.90  99.70
25059141.9667  99.90  99.70
25120977.0833  99.90  99.80
25182812.2000  99.90  99.80
25244647.3167  99.90  99.80
25306482.4333  99.90  99.80
25368317.5500  99.90  99.80
25430152.6667  99.90  99.80
25491987.7833  99.90  99.80
25553822.9000  99.90  99.80
25615658.0167  99.90  99.80
25677493.1333  99.90  99.80
25739328.2500  99.90  99.80
25801163.3667  99.90  99.80
25862998.4833  99.90  99.80
25924833.6000  99.90  99.80
25986668.7167  99.90  99.80
26048503.8333  99.90  99.80
26110338.9500  99.90  99.80
26172174.0667  99.90  99.80
26234009.1833  99.90  99.80
26295844.3000  99.90  99.80
26357679.4167  99.90  99.80
26419514.5333  99.90  99.80
26481349.6500  99.90  99.80
26543184.7667  99.90  99.80
26605019.8833  99.90  99.80
26666855.0000  99.90  99.80
26728690.1167  99.90  99.80
26790525.2333  99.90  99.80
26852360.3500  99.90  99.80
26914195.4667  99.90  99.80
26976030.5833  99.90  99.80
27037865.7000  99.90  99.80
27099700.8167  99.90  99.80
27161535.9333  99.90  99.80
27223371.0500  99.90  99.80
27285206.1667  99.90  99.80
27347041.2833  99.90  99.80
27408876.4000  99.90  99.80
27470711.5167  99.90  99.80
27532546.6333  99.90  99.80
27594381.7500  99.90  99.80
27656216.8667  99.90  99.80
27718051.9833  99.90  99.80
27779887.1000  99.90  99.80
27841722.2167  99.90  99.80
27903557.3333  99.90  99.80
27965392.4500  99.90  99.80
28027227.5667  99.90  99.80
28089062.6833  99.90  99.80
28150897.8000  99.90  99.80
28212732.9167  99.90  99.80
28274568.0333  99.90  99.80
28336403.1500  99.90  99.80
28398238.2667  99.90  99.80
28460073.3833  99.90  99.80
28521908.5000  99.90  99.80
28583743.6167  99.90  99.80
28645578.7333  99.90  99.80
28707413.8500  99.90  99.80
28769248.9667  99.90  99.80
28831084.0833  99.90  99.80
28892919.2000  99.90  99.80
28954754.3167  99.90  99.80
29016589.4333  99.90  99.80
29078424.5500  99.90  99.80
29140259.6667  99.90  99.80
29202094.7833  99.90  99.80
29263929.9000  99.90  99.80
29325765.0167  99.90  99.80
29387600.1333  99.90  99.90
29449435.2500  99.90  99.90
29511270.3667  99.90  99.90
29573105.4833  99.90  99.90
29634940.6000  99.90  99.90
29696775.7167  99.90  99.90
29758610.8333  99.90  99.90
29820445.9500  99.90  99.90
29882281.0667  99.90  99.90
29944116.1833  99.90  99.90
30005951.3000  99.90  99.90
30067786.4167  99.90  99.90
30129621.5333  99.90  99.90
30191456.6500  99.90  99.90
30253291.7667  99.90  99.90
30315126.8833  99.90  99.90
30376962.0000  99.90  99.90
30438797.1167  99.90  99.90
30500632.2333  99.90  99.90
30562467.3500  99.90  99.90
30624302.4667  99.90  99.90
30686137.5833  99.90  99.90
30747972.7000  99.90  99.90
30809807.8167  99.90  99.90
30871642.9333  99.90  99.90
30933478.0500  99.90  99.90
30995313.1667  99.90  99.90
31057148.2833  99.90  99.90
31118983.4000  99.90  100.00
31180818.5167  99.90  100.00
31242653.6333  99.90  100.00
31304488.7500  99.90  100.00
31366323.8667  99.90  100.00
31428158.9833  99.90  100.00
31489994.1000  99.90  100.00
31551829.2167  99.90  100.00
31613664.3333  99.90  100.00
31675499.4500  99.90  100.00
31737334.5667  99.90  100.00
31799169.6833  99.90  100.00
31861004.8000  99.90  100.00
31922839.9167  99.90  100.00
31984675.0333  99.90  100.00
32046510.1500  99.90  100.00
32108345.2667  99.90  100.00
32170180.3833  99.90  100.00
32232015.5000  99.90  100.00
32293850.6167  99.90  100.00
32355685.7333  99.90  100.00
32417520.8500  99.90  100.00
32479355.9667  99.90  100.00
32541191.0833  99.90  100.00
32603026.2000  99.90  100.00
32664861.3167  99.90  100.00
32726696.4333  99.90  100.00
32788531.5500  99.90  100.00
32850366.6667  99.90  100.00
32912201.7833  99.90  100.00
32974036.9000  99.90  100.00
33035872.0167  99.90  100.00
33097707.1333  99.90  100.00
33159542.2500  99.90  100.00
33221377.3667  99.90  100.00
33283212.4833  99.90  100.00
33345047.6000  99.90  100.00
33406882.7167  99.90  100.00
33468717.8333  99.90  100.00
33530552.9500  99.90  100.00
33592388.0667  99.90  100.00
33654223.1833  99.90  100.00
33716058.3000  99.90  100.00
33777893.4167  99.90  100.00
33839728.5333  99.90  100.00
33901563.6500  99.90  100.00
33963398.7667  99.90  100.00
34025233.8833  99.90  100.00
34087069.0000  99.90  100.00
34148904.1167  99.90  100.00
34210739.2333  99.90  100.00
34272574.3500  99.90  100.00
34334409.4667  99.90  100.00
34396244.5833  99.90  100.00
34458079.7000  99.90  100.00
34519914.8167  99.90  100.00
34581749.9333  99.90  100.00
34643585.0500  99.90  100.00
34705420.1667  99.90  100.00
34767255.2833  99.90  100.00
34829090.4000  99.90  100.00
34890925.5167  99.90  100.00
34952760.6333  99.90  100.00
35014595.7500  99.90  100.00
35076430.8667  99.90  100.00
35138265.9833  99.90  100.00
35200101.1000  99.90  100.00
35261936.2167  99.90  100.00
35323771.3333  99.90  100.00
35385606.4500  99.90  100.00
35447441.5667  99.90  100.00
35509276.6833  99.90  100.00
35571111.8000  99.90  100.00
35632946.9167  99.90  100.00
35694782.0333  99.90  100.00
35756617.1500  99.90  100.00
35818452.2667  99.90  100.00
35880287.3833  99.90  100.00
35942122.5000  99.90  100.00
36003957.6167  99.90  100.00
36065792.7333  99.90  100.00
36127627.8500  99.90  100.00
36189462.9667  99.90  100.00
36251298.0833  99.90  100.00
36313133.2000  99.90  100.00
36374968.3167  99.90  100.00
36436803.4333  99.90  100.00
36498638.5500  99.90  100.00
36560473.6667  99.90  100.00
36622308.7833  99.90  100.00
36684143.9000  99.90  100.00
36745979.0167  99.90  100.00
36807814.1333  99.90  100.00
36869649.2500  99.90  100.00
36931484.3667  99.90  100.00
36993319.4833  99.90  100.00
37055154.6000  99.90  100.00
37116989.7167  99.90  100.00
37178824.8333  99.90  100.00
37240659.9500  99.90  100.00
37302495.0667  99.90  100.00
37364330.1833  99.90  100.00
37426165.3000  99.90  100.00
37488000.4167  99.90  100.00
37549835.5333  99.90  100.00
37611670.6500  99.90  100.00
37673505.7667  99.90  100.00
37735340.8833  99.90  100.00
37797176.0000  99.90  100.00
