22192274.0000  0.00  0.00
22307736.8667  4.04  4.04
22423199.7333  14.14  23.23
22538662.6000  52.53  54.55
22654125.4667  94.95  71.72
22769588.3333  100.00  91.92
22885051.2000  100.00  96.97
23000514.0667  100.00  96.97
23115976.9333  100.00  96.97
23231439.8000  100.00  97.98
23346902.6667  100.00  97.98
23462365.5333  100.00  97.98
23577828.4000  100.00  97.98
23693291.2667  100.00  97.98
23808754.1333  100.00  97.98
23924217.0000  100.00  97.98
24039679.8667  100.00  97.98
24155142.7333  100.00  97.98
24270605.6000  100.00  97.98
24386068.4667  100.00  97.98
24501531.3333  100.00  97.98
24616994.2000  100.00  97.98
24732457.0667  100.00  97.98
24847919.9333  100.00  97.98
24963382.8000  100.00  97.98
25078845.6667  100.00  97.98
25194308.5333  100.00  97.98
25309771.4000  100.00  98.99
25425234.2667  100.00  98.99
25540697.1333  100.00  98.99
25656160.0000  100.00  98.99
