525052.0000  0.00  0.00
536825.1733  0.10  0.00
548598.3467  0.10  0.00
560371.5200  0.10  0.00
572144.6933  0.10  0.00
583917.8667  0.10  0.00
595691.0400  0.10  0.00
607464.2133  0.10  0.00
619237.3867  0.10  0.00
631010.5600  0.30  0.00
642783.7333  0.30  0.00
654556.9067  0.40  0.00
666330.0800  0.40  0.00
678103.2533  0.40  0.00
689876.4267  0.40  0.00
701649.6000  0.40  0.00
713422.7733  0.40  0.00
725195.9467  0.40  0.00
736969.1200  0.40  0.00
748742.2933  0.40  0.00
760515.4667  0.40  0.00
772288.6400  0.40  0.00
784061.8133  0.40  0.00
795834.9867  0.40  0.00
807608.1600  0.40  0.00
819381.3333  0.40  0.00
831154.5067  0.40  0.00
842927.6800  0.40  0.00
854700.8533  0.40  0.00
866474.0267  0.40  0.00
878247.2000  0.40  0.00
890020.3733  0.40  0.00
901793.5467  0.40  0.00
913566.7200  0.40  0.00
925339.8933  0.40  0.00
937113.0667  0.40  0.00
948886.2400  0.40  0.00
960659.4133  0.40  0.00
972432.5867  0.40  0.00
984205.7600  0.40  0.00
995978.9333  0.40  0.00
1007752.1067  0.40  0.00
1019525.2800  28.23  0.00
1031298.4533  74.07  0.00
1043071.6267  97.20  0.00
1054844.8000  99.00  0.00
1066617.9733  99.40  0.10
1078391.1467  99.40  0.50
1090164.3200  99.60  0.50
1101937.4933  99.80  0.50
1113710.6667  99.90  0.50
1125483.8400  99.90  0.50
1137257.0133  99.90  0.50
1149030.1867  99.90  0.50
1160803.3600  99.90  0.50
1172576.5333  99.90  0.50
1184349.7067  99.90  1.40
1196122.8800  99.90  18.82
1207896.0533  99.90  50.95
1219669.2267  99.90  88.99
1231442.4000  99.90  97.50
1243215.5733  99.90  98.80
1254988.7467  99.90  99.40
1266761.9200  99.90  99.40
1278535.0933  99.90  99.50
1290308.2667  99.90  99.70
1302081.4400  99.90  99.80
1313854.6133  99.90  99.80
1325627.7867  99.90  99.80
1337400.9600  99.90  99.80
1349174.1333  99.90  99.80
1360947.3067  99.90  99.80
1372720.4800  99.90  99.80
1384493.6533  99.90  99.80
1396266.8267  99.90  99.80
1408040.0000  99.90  99.80
1419813.1733  99.90  99.80
1431586.3467  99.90  99.80
1443359.5200  99.90  99.80
1455132.6933  99.90  99.80
1466905.8667  99.90  99.80
1478679.0400  99.90  99.80
1490452.2133  99.90  99.80
1502225.3867  99.90  99.80
1513998.5600  99.90  99.80
1525771.7333  99.90  99.80
1537544.9067  99.90  99.80
1549318.0800  99.90  99.80
1561091.2533  99.90  99.80
1572864.4267  99.90  99.80
1584637.6000  99.90  99.80
1596410.7733  99.90  99.80
1608183.9467  99.90  99.80
1619957.1200  99.90  99.80
1631730.2933  99.90  99.80
1643503.4667  99.90  99.80
1655276.6400  99.90  99.80
1667049.8133  99.90  99.80
1678822.9867  99.90  99.80
1690596.1600  99.90  99.80
1702369.3333  99.90  99.80
1714142.5067  99.90  99.80
1725915.6800  99.90  99.80
1737688.8533  99.90  99.80
1749462.0267  99.90  99.80
1761235.2000  99.90  99.80
1773008.3733  99.90  99.80
1784781.5467  99.90  99.80
1796554.7200  99.90  99.80
1808327.8933  99.90  99.80
1820101.0667  99.90  99.80
1831874.2400  99.90  99.80
1843647.4133  99.90  99.80
1855420.5867  99.90  99.80
1867193.7600  99.90  99.80
1878966.9333  99.90  99.80
1890740.1067  99.90  99.80
1902513.2800  99.90  99.80
1914286.4533  99.90  99.80
1926059.6267  99.90  99.80
1937832.8000  99.90  99.80
1949605.9733  100.00  99.80
1961379.1467  100.00  99.80
1973152.3200  100.00  99.80
1984925.4933  100.00  99.80
1996698.6667  100.00  99.80
2008471.8400  100.00  99.80
2020245.0133  100.00  99.80
2032018.1867  100.00  99.80
2043791.3600  100.00  99.80
2055564.5333  100.00  99.80
2067337.7067  100.00  99.80
2079110.8800  100.00  99.80
2090884.0533  100.00  99.80
2102657.2267  100.00  99.80
2114430.4000  100.00  99.80
2126203.5733  100.00  99.80
2137976.7467  100.00  99.80
2149749.9200  100.00  99.80
2161523.0933  100.00  99.80
2173296.2667  100.00  99.80
2185069.4400  100.00  99.80
2196842.6133  100.00  99.80
2208615.7867  100.00  99.80
2220388.9600  100.00  99.80
2232162.1333  100.00  99.80
2243935.3067  100.00  99.80
2255708.4800  100.00  99.80
2267481.6533  100.00  99.80
2279254.8267  100.00  99.80
2291028.0000  100.00  99.80
2302801.1733  100.00  99.80
2314574.3467  100.00  99.80
2326347.5200  100.00  99.80
2338120.6933  100.00  99.80
2349893.8667  100.00  99.80
2361667.0400  100.00  99.80
2373440.2133  100.00  99.80
2385213.3867  100.00  99.80
2396986.5600  100.00  99.80
2408759.7333  100.00  99.80
2420532.9067  100.00  99.80
2432306.0800  100.00  99.80
2444079.2533  100.00  99.80
2455852.4267  100.00  99.80
2467625.6000  100.00  99.80
2479398.7733  100.00  99.80
2491171.9467  100.00  99.80
2502945.1200  100.00  99.80
2514718.2933  100.00  99.80
2526491.4667  100.00  99.80
2538264.6400  100.00  99.80
2550037.8133  100.00  99.80
2561810.9867  100.00  99.80
2573584.1600  100.00  99.80
2585357.3333  100.00  99.80
2597130.5067  100.00  99.80
2608903.6800  100.00  99.80
2620676.8533  100.00  99.80
2632450.0267  100.00  99.80
2644223.2000  100.00  99.80
2655996.3733  100.00  99.80
2667769.5467  100.00  99.80
2679542.7200  100.00  99.80
2691315.8933  100.00  99.80
2703089.0667  100.00  99.80
2714862.2400  100.00  99.80
2726635.4133  100.00  99.80
2738408.5867  100.00  99.80
2750181.7600  100.00  99.80
2761954.9333  100.00  99.80
2773728.1067  100.00  99.80
2785501.2800  100.00  99.80
2797274.4533  100.00  99.80
2809047.6267  100.00  99.80
2820820.8000  100.00  99.80
2832593.9733  100.00  99.80
2844367.1467  100.00  99.80
2856140.3200  100.00  99.80
2867913.4933  100.00  99.80
2879686.6667  100.00  99.80
2891459.8400  100.00  99.80
2903233.0133  100.00  99.80
2915006.1867  100.00  99.80
2926779.3600  100.00  99.80
2938552.5333  100.00  99.90
2950325.7067  100.00  99.90
2962098.8800  100.00  99.90
2973872.0533  100.00  99.90
2985645.2267  100.00  99.90
2997418.4000  100.00  99.90
3009191.5733  100.00  99.90
3020964.7467  100.00  99.90
3032737.9200  100.00  99.90
3044511.0933  100.00  99.90
3056284.2667  100.00  99.90
3068057.4400  100.00  99.90
3079830.6133  100.00  99.90
3091603.7867  100.00  99.90
3103376.9600  100.00  99.90
3115150.1333  100.00  99.90
3126923.3067  100.00  99.90
3138696.4800  100.00  99.90
3150469.6533  100.00  99.90
3162242.8267  100.00  99.90
3174016.0000  100.00  99.90
3185789.1733  100.00  99.90
3197562.3467  100.00  99.90
3209335.5200  100.00  99.90
3221108.6933  100.00  99.90
3232881.8667  100.00  99.90
3244655.0400  100.00  99.90
3256428.2133  100.00  99.90
3268201.3867  100.00  99.90
3279974.5600  100.00  99.90
3291747.7333  100.00  99.90
3303520.9067  100.00  99.90
3315294.0800  100.00  99.90
3327067.2533  100.00  99.90
3338840.4267  100.00  99.90
3350613.6000  100.00  99.90
3362386.7733  100.00  99.90
3374159.9467  100.00  99.90
3385933.1200  100.00  99.90
3397706.2933  100.00  99.90
3409479.4667  100.00  99.90
3421252.6400  100.00  99.90
3433025.8133  100.00  99.90
3444798.9867  100.00  99.90
3456572.1600  100.00  99.90
3468345.3333  100.00  99.90
3480118.5067  100.00  99.90
3491891.6800  100.00  99.90
3503664.8533  100.00  99.90
3515438.0267  100.00  99.90
3527211.2000  100.00  99.90
3538984.3733  100.00  99.90
3550757.5467  100.00  99.90
3562530.7200  100.00  99.90
3574303.8933  100.00  99.90
3586077.0667  100.00  99.90
3597850.2400  100.00  99.90
3609623.4133  100.00  99.90
3621396.5867  100.00  99.90
3633169.7600  100.00  99.90
3644942.9333  100.00  99.90
3656716.1067  100.00  99.90
3668489.2800  100.00  99.90
3680262.4533  100.00  99.90
3692035.6267  100.00  99.90
3703808.8000  100.00  99.90
3715581.9733  100.00  99.90
3727355.1467  100.00  99.90
3739128.3200  100.00  99.90
3750901.4933  100.00  99.90
3762674.6667  100.00  99.90
3774447.8400  100.00  99.90
3786221.0133  100.00  99.90
3797994.1867  100.00  99.90
3809767.3600  100.00  99.90
3821540.5333  100.00  99.90
3833313.7067  100.00  99.90
3845086.8800  100.00  99.90
3856860.0533  100.00  99.90
3868633.2267  100.00  99.90
3880406.4000  100.00  99.90
3892179.5733  100.00  99.90
3903952.7467  100.00  99.90
3915725.9200  100.00  99.90
3927499.0933  100.00  99.90
3939272.2667  100.00  99.90
3951045.4400  100.00  99.90
3962818.6133  100.00  99.90
3974591.7867  100.00  99.90
3986364.9600  100.00  99.90
3998138.1333  100.00  99.90
4009911.3067  100.00  99.90
4021684.4800  100.00  99.90
4033457.6533  100.00  99.90
4045230.8267  100.00  99.90
4057004.0000  100.00  99.90
