291673.0000  0.00  0.00
332769.9333  0.00  1.01
373866.8667  0.00  1.01
414963.8000  0.00  1.01
456060.7333  1.01  1.01
497157.6667  1.01  1.01
538254.6000  1.01  1.01
579351.5333  1.01  1.01
620448.4667  1.01  1.01
661545.4000  2.02  1.01
702642.3333  3.03  1.01
743739.2667  3.03  1.01
784836.2000  3.03  1.01
825933.1333  3.03  1.01
867030.0667  3.03  1.01
908127.0000  3.03  2.02
949223.9333  3.03  2.02
990320.8667  3.03  2.02
1031417.8000  23.23  2.02
1072514.7333  95.96  2.02
1113611.6667  100.00  2.02
1154708.6000  100.00  2.02
1195805.5333  100.00  4.04
1236902.4667  100.00  94.95
1277999.4000  100.00  97.98
1319096.3333  100.00  97.98
1360193.2667  100.00  98.99
1401290.2000  100.00  98.99
1442387.1333  100.00  98.99
1483484.0667  100.00  98.99
1524581.0000  100.00  98.99
